start=7002.573000
volume=122.000000
