start=1477.773000
volume=120.000000
fullscreen=yes
