start=1396.436711
volume=56.000000
