start=1345.052044
volume=85.000000
