start=2391.708000
volume=95.393921
aid=2
