start=1379.107378
volume=71.686043
