start=1440.355589
volume=130.000000
