start=2718.183000
volume=128.000000
