start=236.194289
volume=64.000000
