start=1367.866500
volume=130.000000
