start=1368.033333
volume=130.000000
