start=1379.333333
volume=120.000000
