start=1878.333000
volume=106.000000
aid=5
