start=1335.417422
volume=87.000000
