start=6314.000000
volume=74.000000
